        9.000000        8.000000        6.000000        24.00000
        9.000000        4.000000        19.00000        2.000000
        2.000000        2.000000        52.00000        2.000000
        3.000000        4.000000        4.000000        11.00000
        3.000000        3.000000        24.00000        4.000000
        8.000000        3.000000        34.00000        8.000000
        6.000000        3.000000        6.000000        3.000000
        3.000000        4.000000        3.000000        3.000000
        8.000000        6.000000        12.00000        5.000000
        4.000000        4.000000        12.00000        3.000000
        4.000000
        10.00000
        8.000000
        10.00000
        6.000000
        8.000000
        12.00000
        14.00000
        9.000000        2.000000        4.000000        4.000000
        2.000000        2.000000        4.000000        5.000000
        5.000000        2.000000        4.000000        4.000000
        8.000000        2.000000        4.000000        3.000000
        4.000000        2.000000        2.000000        2.000000
        8.000000        5.000000        4.000000        4.000000
